              precision    recall  f1-score   support

     Class 0       0.97      1.00      0.98        32
     Class 1       1.00      0.99      0.99       365
     Class 2       1.00      0.99      1.00       345
     Class 3       0.99      1.00      0.99       224
     Class 4       0.99      0.99      0.99       282
     Class 5       1.00      0.99      0.99       287
     Class 6       1.00      0.99      0.99        68
     Class 7       0.99      1.00      0.99       231
     Class 8       1.00      0.99      0.99       221
     Class 9       1.00      1.00      1.00       217
    Class 10       1.00      1.00      1.00       294
    Class 11       1.00      1.00      1.00       207
    Class 12       1.00      1.00      1.00       306
    Class 13       1.00      1.00      1.00       307
    Class 14       1.00      1.00      1.00        90
    Class 15       1.00      1.00      1.00        99
    Class 16       0.98      1.00      0.99        63
    Class 17       1.00      1.00      1.00       159
    Class 18       1.00      0.99      1.00       176
    Class 19       1.00      1.00      1.00        35
    Class 20       1.00      0.98      0.99        55
    Class 21       1.00      1.00      1.00        62
    Class 22       1.00      1.00      1.00        56
    Class 23       1.00      0.99      0.99        71
    Class 24       1.00      1.00      1.00        46
    Class 25       1.00      1.00      1.00       232
    Class 26       0.99      1.00      0.99        76
    Class 27       1.00      1.00      1.00        42
    Class 28       1.00      1.00      1.00        79
    Class 29       0.98      1.00      0.99        42
    Class 30       0.99      0.99      0.99        75
    Class 31       1.00      1.00      1.00       126
    Class 32       1.00      1.00      1.00        38
    Class 33       1.00      1.00      1.00       105
    Class 34       1.00      1.00      1.00        64
    Class 35       1.00      1.00      1.00       154
    Class 36       1.00      1.00      1.00        64
    Class 37       1.00      1.00      1.00        31
    Class 38       1.00      1.00      1.00       299
    Class 39       1.00      1.00      1.00        43
    Class 40       1.00      1.00      1.00        42
    Class 41       0.98      1.00      0.99        41
    Class 42       1.00      0.97      0.98        30

    accuracy                           1.00      5881
   macro avg       1.00      1.00      1.00      5881
weighted avg       1.00      1.00      1.00      5881
